---
versions:
  aodh: 13.0.1.dev3.20220328
  barbican: 13.0.1.dev15.20220328
  bifrost: 11.2.2.dev3.20220328
  ceilometer: 17.0.1.dev5.20220328
  cinder: 19.0.1.dev40.20220328
  cloudkitty: 15.0.1.dev4.20220328
  collectd: 5.9.2.g.20220328
  cron: 3.0pl1.20220328
  designate: 13.0.1.dev9.20220328
  dnsmasq: 2.80.20220328
  elasticsearch: 7.17.1.20220328
  elasticsearch_curator: 5.8.4.20220328
  etcd: 3.2.26.20220328
  fluentd: 4.3.0.20220328
  glance: 23.0.1.dev2.20220328
  gnocchi: 4.4.1.20220328
  grafana: 8.4.4.20220328
  haproxy: 2.2.22.20220328
  heat: 17.0.1.dev7.20220328
  horizon: 20.1.1.dev3.20220328
  influxdb: 1.8.10.20220328
  ironic: 18.2.2.dev20.20220328
  iscsid: 2.0.874.20220328
  kafka: 2.0.1.20220328
  keepalived: 2.0.19.20220328
  keystone: 20.0.1.dev7.20220328
  kibana: 7.10.2.20220328
  kolla_toolbox: 13.0.2.20220328
  kuryr: 8.0.0.0rc2.dev2.20220328
  logstash: 7.17.1.20220328
  magnum: 13.0.1.dev6.20220328
  manila: 13.0.3.dev3.20220328
  mariadb: 10.5.15.20220328
  memcached: 1.5.22.20220328
  mistral: 13.0.0.0rc2.dev1.20220328
  multipathd: 0.8.3.20220328
  neutron: 19.1.1.dev87.20220328
  nova: 24.0.1.dev30.20220328
  nova_libvirt: 6.0.0.20220328
  octavia: 9.0.2.dev7.20220328
  openvswitch: 2.16.0.20220328
  ovn: 21.09.0.20220328
  placement: 6.0.1.dev1.20220328
  prometheus: 2.26.1.20220328
  prometheus_alertmanager: 0.20.0.20220328
  prometheus_blackbox_exporter: 0.16.0.20220328
  prometheus_cadvisor: 0.38.7.20220328
  prometheus_elasticsearch_exporter: 1.2.1.20220328
  prometheus_haproxy_exporter: 0.10.0.20220328
  prometheus_libvirt_exporter: 3.1.0.20220328
  prometheus_memcached_exporter: 0.6.0.20220328
  prometheus_mtail: 3.0.0.20220328
  prometheus_mysqld_exporter: 0.12.1.20220328
  prometheus_node_exporter: 0.18.1.20220328
  prometheus_openstack_exporter: 1.3.0.20220328
  rabbitmq: 3.9.14.20220328
  redis: 5.0.7.20220328
  senlin: 12.0.1.dev3.20220328
  storm: 1.2.2.20220328
  swift: 2.28.1.dev7.20220328
  tgtd: 1.0.79.20220328
  trove: 16.0.0.0rc2.dev3.20220328
